7672
7673
7677
7698
7674
7675
7704
7719
7689
7703
7713
7720
7702
7706
7708
7701
7714
7751
7682
7690
7699
7691
7821
7697
7770
7693
7700
8004
7681
7871
7687
7901
7723
7712
7722
7912
7738
7717
7749
7715
7735
7747
7716
7733
7928
7752
7730
7710
7740
7718
7915
7705
7736
7966
7727
8011
7745
8031
7761
7771
8042
7694
8040
7741
7779
8047
7739
7992
7760
8230
7750
8180
7773
8080
7758
8142
7777
7759
8224
7781
8114
7734
7728
8012
7742
8013
7746
7748
7757
7744
7754
8228
7778
8098
7678
7732
8109
7795
8298
7767
7780
7721
8307
7784
7794
8314
7756
7726
7792
7768
7813
7783
8223
7765
7772
8264
7775
7814
8271
8334
7769
7798
8338
7782
8477
8258
7776
7679
8354
7743
8308
7680
8325
8522
8347
7819
8523
8365
7684
7815
8545
7686
8363
7816
8364
7762
7802
8352
7774
7806
7812
8369
8582
7823
7764
8393
7785
8391
7763
7688
7804
7685
8503
7810
7836
7676
7696
7755
8417
7692
7711
8431
7695
7707
8449
7786
7838
8395
7788
8514
7797
7845
8538
7709
8504
8544
8517
7796
8508
7846
7848
7844
7843
8551
7737
8618
8644
7852
7731
8649
8660
7683
7851
8652
7818
8673
7822
8689
7876
7820
7766
7997
7805
7811
7807
7791
7801
7800
7790
7799
8694
7787
7808
7793
7817
7803
7809
7830
7829
7975
7840
7834
7982
7841
7827
7978
7835
7833
7984
7832
7842
7994
7831
7859
7979
7856
7863
7990
7861
7860
7995
7828
7857
8001
7867
7858
8000
7865
7854
7996
7866
7874
7864
7875
7862
7877
7870
7873
7889
7964
7989
7988
7993
8007
8009
7977
7981
7998
7987
7986
8006
7980
8003
7999
7878
7886
7868
7879
7909
7906
7903
7789
8008
8005
8015
7826
7825
7824
8026
7888
8017
7887
7900
7921
7910
7911
7882
7885
7880
7895
7894
7917
8016
8023
7919
7839
7932
7924
7753
7884
7899
7930
7943
7936
7934
7892
7925
7893
7940
7837
8025
7908
7938
7883
7935
7907
7881
8022
7920
7725
7729
7724
7946
7897
7957
7952
7959
7849
7950
8089
7853
7956
8024
7914
7958
8105
7963
7948
7850
7905
8188
7968
8088
7891
7961
7922
7918
7970
7904
7926
7913
7931
7890
7847
7923
8127
8124
8103
8125
8126
7855
7976
7916
7933
7960
7941
7896
7929
7974
8158
7973
7972
7951
7971
7927
7949
8156
7937
8155
7945
7985
8161
7954
7991
8162
7947
7983
8163
7955
7967
8010
7969
8002
7944
8021
7953
8167
8020
7965
8168
8018
7942
8172
8027
8171
7939
8019
8169
7962
8029
8159
8028
8030
8173
8170
8157
7902
8174
8032
8175
8178
8181
8036
7872
8129
8041
8038
8034
8045
8039
8037
8035
8033
8189
8177
8046
8044
8043
8049
8051
8050
8057
8061
8053
8058
8056
8055
8048
8062
8064
8065
8199
8060
8201
8198
8212
8208
8191
8192
8059
8217
8070
8214
8071
8207
8063
8216
8074
8197
8067
8068
8121
8119
8117
8069
8054
8118
8222
8076
8206
8225
8147
8099
8096
8153
8075
8090
8139
8141
8152
8154
8148
7869
8052
8182
8185
8184
8145
8179
8146
8186
8066
8183
8072
8123
8149
8190
8102
8115
8107
8143
8193
8144
8196
8382
8101
8093
8150
8219
8227
8116
8210
8078
8087
8081
8073
8085
8151
7898
8104
8112
8077
8079
8231
8232
8251
8233
8133
8236
8135
8108
8100
8113
8134
8282
8084
8275
8094
8111
8091
8235
8120
8284
8285
8097
8287
8083
8086
8248
8242
8272
8259
8241
8234
8137
8283
8286
8014
8288
8290
8240
8238
8130
8166
8131
8082
8292
8106
8295
8296
8110
8095
8176
8165
8297
8132
8140
8301
8302
8136
8305
8309
8138
8187
8194
8195
8160
8218
8092
8164
8243
8311
8255
8122
8128
8204
8312
8202
8313
8203
8304
8209
8265
8244
8250
8213
8211
8322
8326
8229
8328
8215
8226
8327
8329
8333
8262
8205
8249
8254
8332
8270
8247
8266
8335
8337
8256
8268
8260
8269
8237
8277
8278
8263
8239
8279
8253
8246
8221
8408
8331
8341
8289
8323
8319
8316
8318
8428
8330
8345
8473
8346
8315
8276
8261
8274
8200
8280
8320
8267
8310
8336
8257
8294
8281
8273
8299
8317
8220
8321
8252
8300
8245
8495
8293
8291
8355
8501
8344
8359
8303
8358
8505
8340
8350
8348
8349
8339
8515
8306
8510
8324
8516
8360
8342
8353
8351
8357
8343
8368
8403
8394
8525
8409
8356
8401
8367
8410
8550
8361
8366
8370
8362
8562
8380
8563
8381
8387
8566
8383
8372
8374
8375
8376
8373
8371
8425
8446
8433
8392
8384
8445
8440
8448
8377
8378
8379
8388
8389
8454
8385
8455
8390
8450
8463
8464
8386
8419
8435
8399
8402
8418
8424
8437
8465
8438
8474
8415
8475
8481
8476
8426
8413
8416
8482
8423
8469
8412
8472
8484
8485
8439
8471
8411
8414
8432
8398
8396
8397
8400
8457
8632
8441
8468
8452
8479
8442
8490
8429
8453
8486
8421
8498
8407
8494
8443
8513
8406
8434
8511
8506
8478
8420
8467
8456
8466
8427
8462
8461
8460
8459
8404
8422
8458
8451
8470
8405
8444
8527
8447
8524
8480
8483
8436
8430
8509
8489
8526
8528
8493
8529
8491
8533
8531
8546
8565
8530
8499
8487
8500
8535
8507
8492
8585
8502
8536
8532
8534
8488
8512
8592
8593
8543
8591
8616
8617
8496
8594
8555
8518
8519
8497
8521
8552
8520
8553
8560
8561
8547
8564
8540
8539
8537
8541
8542
8554
8559
8549
8556
8548
8577
8584
8581
8572
8571
8576
8579
8580
8578
8573
8569
8575
8587
8570
8589
8586
8590
8598
8574
8568
8599
8595
8600
8597
8596
8601
8603
8605
8610
8602
8611
8608
8604
8609
8631
8626
8630
8613
8614
8619
8615
8623
8633
8621
8638
8639
8640
8642
8645
8612
8607
8641
8625
8606
8557
8624
8628
8622
8620
8627
8558
8637
8567
8629
8636
8648
8650
8635
8663
8657
8653
8634
8683
8643
8646
8647
8651
8655
8654
8662
8656
8659
8684
8667
8685
8669
8682
8686
8678
8687
8658
8688
8661
8583
8666
8664
8665
8668
8672
8671
8670
8679
8674
8681
8690
8691
8675
8680
8588
8692
8677
8693
8695
8676
